UniprotID	P0CJ68
Accession	P0CJ68
EntryName	HMN1_HUMAN
ProteinName	Humanin-like 1 (HN1) (MT-RNR2-like protein 1)
GeneName	MTRNR2L1
Length	24
Function	Plays a role as a neuroprotective and antiapoptotic factor.
Subcellular Location	Secreted; Cytoplasm
Disorder	0.0967,0.1298,0.1823,0.2129,0.2575,0.1759,0.2064,0.1501,0.2064,0.1731,0.1942,0.2034,0.2328,0.2129,0.1881,0.1611,0.2470,0.2129,0.2470,0.3053,0.3631,0.4441,0.4220,0.3740
ExposeBuried	1,1,1,1,1,0,0,0,0,0,0,1,1,1,1,0,1,0,1,1,1,1,1,1
SurfaceAccessbility	0.836,0.587,0.466,0.484,0.364,0.136,0.268,0.041,0.085,0.109,0.090,0.326,0.344,0.534,0.659,0.266,0.625,0.195,0.387,0.304,0.582,0.534,0.568,0.890
SecondStructure	C,C,C,C,C,C,B,B,B,B,B,C,C,C,C,C,C,C,C,C,B,C,C,C
Hydropathy	1.9,1.8,-1.6,-4.5,-0.4,2.8,-0.8,2.5,3.8,3.8,3.8,-0.8,-0.7,-0.8,-3.5,4.5,-3.5,3.8,-1.6,4.2,-3.9,-4.5,-4.5,-0.7
Polar	0,0,0,1,1,1,1,0,0,0,0,1,1,1,1,0,1,0,0,0,1,1,1,1
Charge	0,0,0,1,0,0,0,0,0,0,0,0,0,0,-1,0,-1,0,0,0,1,1,1,0
pNuLoCProb	0.067152224
pNuLoCRegion	
pNuLoCScore	0.26319342000000007,0.24446145900000005,0.2271292796363637,0.2127766063333334,0.20050617800000006,0.19013323814285718,0.1814358942666667,0.17347670887500005,0.16679200576470593,0.14387010988235296,0.12400018223529413,0.10591246894117647,0.08673126747058824,0.07647152611764707,0.07160479023529412,0.06520237105882354,0.061855806124999996,0.059853894533333334,0.058709614857142864,0.05908670169230769,0.05943582683333334,0.05999717127272727,0.0604683864,0.06055675377777777
pNuLoCDScore	-0.09640141423529414,-0.1193233101176471,-0.13919323776470593,-0.15728095105882361,-0.17646215252941183,-0.186721893882353,-0.19158862976470595,-0.19799104894117653,-0.20133761387500007,-0.1846075644666667,-0.16841966477922082,-0.15368990464102572,-0.14107035116666672,-0.1301360668701299,-0.12096750786666671,-0.11291995509722227,-0.10623525198692815,-0.08331335610457519,-0.06344342845751635,-0.045355715163398695,-0.026174513692810465,-0.0159147723398693,-0.011048036457516348,-0.004645617281045768
pNuLoCRank	Nonucleus
UniprotNLSRegion	
UniprotNESRegion	
SeqNLSRegion	
SeqNLSPMID	
nlsdbnes_region	
nlsdbnls_region	
validnes_region	
nesbase_region	
Sequence	MAPRGFSCLLLSTSEIDLPVKRRT
PTM	
