UniprotID	P0CJ72
Accession	P0CJ72
EntryName	HMN5_HUMAN
ProteinName	Humanin-like 5 (HN5) (MT-RNR2-like protein 5)
GeneName	MTRNR2L5
Length	24
Function	Plays a role as a neuroprotective and antiapoptotic factor.
Subcellular Location	Secreted; Cytoplasm
Disorder	0.0662,0.0948,0.1399,0.1702,0.2258,0.1449,0.1791,0.1275,0.1791,0.1731,0.1914,0.2164,0.2541,0.1914,0.1424,0.1229,0.2002,0.1671,0.1914,0.2503,0.3087,0.3872,0.3599,0.3087
ExposeBuried	1,1,1,1,1,0,0,0,0,0,0,1,1,1,1,0,1,0,1,1,1,1,1,1
SurfaceAccessbility	0.821,0.587,0.450,0.415,0.379,0.123,0.275,0.040,0.075,0.083,0.086,0.263,0.315,0.488,0.589,0.155,0.576,0.195,0.359,0.344,0.576,0.535,0.591,0.802
SecondStructure	C,C,C,C,C,C,B,B,B,B,B,C,C,C,C,C,C,C,C,C,C,C,C,C
Hydropathy	1.9,1.8,-0.7,-1.6,-0.4,2.8,-0.8,2.5,3.8,3.8,3.8,-0.8,-0.7,-0.8,-3.5,4.5,-3.5,3.8,-1.6,1.9,-3.9,-4.5,-4.5,4.2
Polar	0,0,1,0,1,1,1,0,0,0,0,1,1,1,1,0,1,0,0,0,1,1,1,0
Charge	0,0,0,0,0,0,0,0,0,0,0,0,0,0,-1,0,-1,0,0,0,1,1,1,0
pNuLoCProb	0.15689948
pNuLoCRegion	
pNuLoCScore	0.3056815588888889,0.291239089,0.2764569390909091,0.26419137333333337,0.25351822384615386,0.24467540785714287,0.23757477866666668,0.23095042125,0.22569957764705884,0.20763490294117645,0.19268896529411764,0.17803878529411762,0.16876429176470586,0.16165499588235294,0.15576238352941174,0.14889316705882352,0.14432318624999999,0.14100718533333334,0.13956078,0.14040119076923077,0.14132877749999997,0.14277317272727272,0.14407861000000002,0.14473557
pNuLoCDScore	-0.07998198124183009,-0.09804665594771247,-0.11299259359477129,-0.1276427735947713,-0.13691726712418306,-0.144026563006536,-0.14991917535947719,-0.1567883918300654,-0.16135837263888894,-0.15023190366666667,-0.13689615909090913,-0.1237901825641026,-0.11218944634615388,-0.10190223512987015,-0.09349616866666666,-0.08621485125,-0.08096400764705883,-0.06289933294117644,-0.04795339529411763,-0.033303215294117616,-0.024028721764705857,-0.01691942588235293,-0.011026813529411733,-0.0041575970588235145
pNuLoCRank	Nonucleus
UniprotNLSRegion	
UniprotNESRegion	
SeqNLSRegion	
SeqNLSPMID	
nlsdbnes_region	
nlsdbnls_region	
validnes_region	
nesbase_region	
Sequence	MATPGFSCLLLSTSEIDLPMKRRV
PTM	
