UniprotID	P0CJ76
Accession	P0CJ76
EntryName	HMN9_HUMAN
ProteinName	Humanin-like 9 (HN9) (MT-RNR2-like protein 9)
GeneName	MTRNR2L9
Length	24
Function	Plays a role as a neuroprotective and antiapoptotic factor.
Subcellular Location	Secreted; Cytoplasm
Disorder	0.1007,0.1349,0.1791,0.2224,0.2129,0.2470,0.2645,0.2064,0.2715,0.2399,0.2645,0.2817,0.3182,0.3117,0.2817,0.2609,0.3494,0.3215,0.3704,0.4292,0.4864,0.5807,0.5665,0.5382
ExposeBuried	1,1,1,1,1,0,1,0,0,0,0,0,0,1,1,1,1,0,1,1,1,1,1,1
SurfaceAccessbility	0.802,0.596,0.516,0.448,0.395,0.123,0.291,0.035,0.078,0.087,0.090,0.245,0.298,0.437,0.303,0.502,0.604,0.184,0.420,0.320,0.574,0.531,0.548,0.877
SecondStructure	C,C,C,C,C,C,B,B,B,B,B,B,C,C,C,C,C,C,C,C,C,C,C,C
Hydropathy	1.9,1.8,-4.5,-4.5,-0.4,2.8,-0.8,2.5,3.8,3.8,3.8,-0.8,-0.7,-0.7,1.8,-0.7,-3.5,3.8,-1.6,4.2,-3.9,-4.5,-4.5,-0.7
Polar	0,0,1,1,1,1,1,0,0,0,0,1,1,1,0,1,1,0,0,0,1,1,1,1
Charge	0,0,1,1,0,0,0,0,0,0,0,0,0,0,0,0,-1,0,0,0,1,1,1,0
pNuLoCProb	0.08975027
pNuLoCRegion	
pNuLoCScore	0.25093255555555555,0.23777812199999998,0.22395682136363632,0.2123882050833333,0.20235993699999996,0.19340409007142853,0.18532861506666665,0.178390991625,0.17260550594117646,0.15092494711764706,0.1322597365294118,0.12740191005882356,0.11850046829411764,0.10823266682352942,0.10079215623529414,0.0925304485882353,0.08727928600000001,0.08366125506666666,0.081109329,0.08075283007692306,0.08038778041666668,0.08023933136363637,0.08056545650000001,0.08148695555555556
pNuLoCDScore	-0.07832704961437909,-0.10000760843790849,-0.11867281902614374,-0.12353064549673198,-0.1324320872614379,-0.14269988873202613,-0.1501403993202614,-0.15840210696732027,-0.16365326955555554,-0.15411686693333332,-0.1428474923636363,-0.13163537500641026,-0.12197215658333328,-0.11316475870779216,-0.10476315856666664,-0.09690403606944444,-0.0911185503856209,-0.0694379915620915,-0.05077278097385625,-0.045914954503268005,-0.037013512738562085,-0.026745711267973857,-0.01930520067973858,-0.011043493032679735
pNuLoCRank	Nonucleus
UniprotNLSRegion	
UniprotNESRegion	
SeqNLSRegion	
SeqNLSPMID	
nlsdbnes_region	
nlsdbnls_region	
validnes_region	
nesbase_region	
Sequence	MARRGFSCLLLSTTATDLPVKRRT
PTM	
