UniprotID	P0DMP1
Accession	P0DMP1
EntryName	HMN12_HUMAN
ProteinName	Humanin-like 12 (HN12) (MT-RNR2-like protein 12)
GeneName	MTRNR2L12
Length	24
Function	Plays a role as a neuroprotective and antiapoptotic factor.
Subcellular Location	Secreted; Cytoplasm
Disorder	0.0704,0.1028,0.1554,0.1914,0.2436,0.1583,0.2002,0.1449,0.1969,0.1969,0.1914,0.2399,0.2094,0.1852,0.1852,0.1881,0.2645,0.2328,0.2645,0.3149,0.3704,0.4409,0.4186,0.3740,0.3460,0.2884,0.4292
ExposeBuried	1,1,1,1,1,0,0,0,0,0,0,0,0,1,1,0,1,0,1,1,1,1,1,1,1,1,1
SurfaceAccessbility	0.824,0.526,0.453,0.460,0.332,0.120,0.223,0.031,0.060,0.064,0.070,0.204,0.266,0.430,0.566,0.117,0.521,0.124,0.481,0.402,0.396,0.371,0.285,0.565,0.554,0.559,0.878
SecondStructure	C,C,C,C,C,C,B,B,B,B,B,B,C,C,C,C,C,C,C,C,C,C,C,C,C,C,C
Hydropathy	1.9,1.8,-1.6,-4.5,-0.4,2.8,-0.8,2.5,3.8,3.8,3.8,-0.8,-0.7,-0.8,-3.5,4.5,-3.5,3.8,-1.6,1.9,1.8,-1.6,4.2,-3.9,-4.5,-4.5,1.8
Polar	0,0,0,1,1,1,1,0,0,0,0,1,1,1,1,0,1,0,0,0,0,0,0,1,1,1,0
Charge	0,0,0,1,0,0,0,0,0,0,0,0,0,0,-1,0,-1,0,0,0,0,0,0,1,1,1,0
pNuLoCProb	0.07495042
pNuLoCRegion	
pNuLoCScore	0.26319342000000007,0.24446145900000005,0.2271292796363637,0.2127766063333334,0.20050617800000006,0.19013323814285718,0.1814358942666667,0.17347670887500005,0.16679200576470593,0.14387010988235296,0.12400018223529413,0.10591246894117647,0.08673126747058824,0.07647152611764707,0.07160479023529412,0.06566108847058824,0.062343193374999994,0.060373774266666666,0.05926662885714286,0.05968656292307692,0.0600856765,0.06070609818181818,0.06124820599999999,0.06142321999999999
pNuLoCDScore	-0.09640141423529414,-0.1193233101176471,-0.13919323776470593,-0.15728095105882361,-0.17646215252941183,-0.186721893882353,-0.19158862976470595,-0.19753233152941183,-0.20085022662500007,-0.18408768473333337,-0.16786265077922086,-0.15309004341025648,-0.14042050150000007,-0.129427139961039,-0.1201876882666667,-0.11205348887500007,-0.10536878576470594,-0.08244688988235298,-0.06257696223529415,-0.04448924894117648,-0.02530804747058825,-0.015048306117647084,-0.010181570235294132,-0.004237868470588255
pNuLoCRank	Nonucleus
UniprotNLSRegion	
UniprotNESRegion	
SeqNLSRegion	
SeqNLSPMID	
nlsdbnes_region	
nlsdbnls_region	
validnes_region	
nesbase_region	
Sequence	MAPRGFSCLLLSTSEIDLPVKRRA
PTM	
