UniprotID	Q86Y28
Accession	Q86Y28
EntryName	BAGE4_HUMAN
ProteinName	B melanoma antigen 4 (Cancer/testis antigen 2.4) (CT2.4)
GeneName	BAGE4 MLL3P
Length	39
Function	Unknown. Candidate gene encoding tumor antigens.
Subcellular Location	Secreted
Disorder	0.0141,0.0160,0.0258,0.0174,0.0125,0.0184,0.0198,0.0240,0.0178,0.0178,0.0227,0.0341,0.0483,0.0568,0.0690,0.0531,0.0506,0.1028,0.0948,0.0631,0.0646,0.0765,0.1162,0.1275,0.2193,0.3149,0.3182,0.3215,0.2436,0.3182,0.3460,0.3249,0.2680,0.2094,0.1852,0.1115,0.1611,0.2364,0.1969
ExposeBuried	1,1,1,0,0,0,0,0,0,0,0,0,1,0,0,1,0,1,0,0,1,1,1,1,1,0,0,1,0,0,0,1,1,1,1,1,1,1,1
SurfaceAccessbility	0.769,0.414,0.343,0.326,0.270,0.190,0.125,0.132,0.158,0.115,0.139,0.147,0.383,0.146,0.123,0.381,0.246,0.390,0.176,0.250,0.520,0.648,0.686,0.398,0.371,0.210,0.133,0.273,0.101,0.247,0.108,0.423,0.277,0.671,0.691,0.405,0.537,0.521,0.649
SecondStructure	C,C,C,A,A,A,A,A,A,A,A,A,A,A,A,A,A,A,A,A,C,C,C,C,C,B,B,B,B,B,B,C,C,C,C,C,C,C,C
Hydropathy	1.9,1.8,1.8,-0.4,1.8,4.2,2.8,3.8,1.8,3.8,-0.8,1.8,-3.5,3.8,3.8,-3.5,1.8,-4.5,3.8,1.9,-3.9,-3.5,-3.5,-0.8,-1.6,4.2,4.2,-0.8,-0.9,-0.9,3.8,-3.5,-1.6,-3.5,-3.5,-0.4,-0.7,1.8,3.8
Polar	0,0,0,1,0,0,1,0,0,0,1,0,1,0,0,1,0,1,0,0,1,1,1,1,0,0,0,1,0,0,0,1,0,1,1,1,1,0,0
Charge	0,0,0,0,0,0,0,0,0,0,0,0,0,0,0,0,0,1,0,0,1,-1,-1,0,0,0,0,0,0,0,0,-1,0,-1,-1,0,0,0,0
pNuLoCProb	0.11807299
pNuLoCRegion	
pNuLoCScore	0.3221535766666667,0.302094483,0.28632229636363643,0.2714896916666667,0.25981788461538463,0.24924442642857145,0.23904702000000003,0.23074321525000002,0.22360142847058825,0.2030178914117647,0.18515077729411766,0.1695988737647059,0.1541493217058824,0.14078370088235295,0.12931308852941178,0.11937838676470591,0.10968125705882352,0.10031404647058824,0.09828027705882353,0.0958218505882353,0.09431431823529413,0.09161722705882354,0.08924787682352942,0.08816442858823531,0.08831386247058824,0.087710094,0.088877804,0.09060244047058823,0.09262224435294118,0.09470251464705882,0.09648576135294118,0.09698825081249998,0.09754430553333332,0.09819330485714284,0.09899648830769228,0.099997149,0.1011962370909091,0.10304556179999999,0.10628332977777778
pNuLoCDScore	-0.09855214819607847,-0.11913568525490201,-0.13700279937254906,-0.15255470290196083,-0.16800425496078433,-0.18136987578431377,-0.19284048813725493,-0.2027751899019608,-0.21247231960784319,-0.2017804365294118,-0.1880420193048129,-0.17566784107843142,-0.1655035663800905,-0.1576271993697479,-0.1497991431764706,-0.1425787866617647,-0.13528756600000003,-0.11530779741176471,-0.09627297329411766,-0.07899643329411767,-0.061527077352941204,-0.04608118623529413,-0.032827327176470605,-0.02239013595220593,-0.0121369515254902,-0.002120741613445401,0.0007162112488687533,0.0041752984117647,0.0068819188556149685,0.011428334741176452,0.017035452954248367,0.018118901189542472,0.01796946730718954,0.01857323577777778,0.017405525777777778,0.015680889307189555,0.0136610854248366,0.011580815130718958,0.009797568424836603
pNuLoCRank	Nonucleus
UniprotNLSRegion	
UniprotNESRegion	
SeqNLSRegion	
SeqNLSPMID	
nlsdbnes_region	
nlsdbnls_region	
validnes_region	
nesbase_region	
Sequence	MAAGAVFLALSAQLLQARLMKEESPVVSWWLEPEDGTAL
PTM	
