UniprotID	S4R3Y5
Accession	S4R3Y5
EntryName	HMN11_HUMAN
ProteinName	Humanin-like 11 (HN11) (MT-RNR2-like protein 11)
GeneName	MTRNR2L11
Length	24
Function	Plays a role as a neuroprotective and antiapoptotic factor.
Subcellular Location	Secreted; Cytoplasm
Disorder	0.0066,0.0061,0.0046,0.0058,0.0076,0.0057,0.0071,0.0055,0.0065,0.0058,0.0068,0.0076,0.0062,0.0047,0.0041,0.0034,0.0044,0.0036,0.0032,0.0039,0.0046,0.0059,0.0062,0.0090
ExposeBuried	1,1,1,1,1,0,1,0,0,0,0,0,0,1,1,0,1,0,1,1,1,1,1,1
SurfaceAccessbility	0.806,0.626,0.549,0.446,0.412,0.138,0.344,0.040,0.077,0.076,0.072,0.068,0.107,0.378,0.557,0.183,0.606,0.207,0.472,0.291,0.546,0.520,0.322,0.773
SecondStructure	C,C,C,C,C,C,B,B,B,B,B,B,B,B,B,C,C,C,B,B,B,C,C,C
Hydropathy	1.9,1.8,-0.7,-4.5,-0.4,2.8,-0.8,2.5,3.8,3.8,3.8,4.2,4.5,-0.8,-3.5,4.5,-3.5,3.8,-0.8,4.2,-3.9,-4.5,-0.9,4.2
Polar	0,0,1,1,1,1,1,0,0,0,0,0,0,1,1,0,1,0,1,0,1,1,0,0
Charge	0,0,0,1,0,0,0,0,0,0,0,0,0,0,-1,0,-1,0,0,0,1,1,0,0
pNuLoCProb	0.08511722
pNuLoCRegion	
pNuLoCScore	0.2963026155555555,0.28072192099999993,0.26433960999999995,0.2497990366666666,0.2364380072307692,0.22536314957142853,0.21665528826666663,0.20860633087499997,0.20214298341176468,0.18157412047058824,0.16424951811764707,0.1470911763529412,0.1334999822352941,0.12529507811764706,0.11645386047058826,0.10624137341176472,0.10061764549999999,0.0963323692,0.09317784771428572,0.09261333599999998,0.09284338649999997,0.09436499854545453,0.09566249839999999,0.09576441711111111
pNuLoCDScore	-0.0941596321437908,-0.11472849508496724,-0.1320530974379084,-0.1492114392026143,-0.16280263332026138,-0.17100753743790842,-0.17984875508496723,-0.19006124214379078,-0.1956849700555555,-0.18438955179999994,-0.17116176228571423,-0.15718570066666665,-0.14359462073076923,-0.130998151025974,-0.12099278986666664,-0.11284191376388886,-0.10637856630065357,-0.08580970335947713,-0.06848510100653596,-0.05132675924183008,-0.037735565124182996,-0.029530661006535952,-0.020689443359477144,-0.010476956300653609
pNuLoCRank	Nonucleus
UniprotNLSRegion	
UniprotNESRegion	
SeqNLSRegion	
SeqNLSPMID	
nlsdbnes_region	
nlsdbnls_region	
validnes_region	
nesbase_region	
Sequence	MATRGFSCLLLVISEIDLSVKRWV
PTM	
